,City,Cloudiness,Country,Date,Humidity,Lat,Lng,Max Temp,Wind Speed
0,Fujieda,75,JP,1561509860,61,34.93,138.23,298.15,1.5
1,Bundaberg,75,AU,1561509844,100,-24.87,152.35,292.04,5.7
2,Rikitea,3,PF,1561509861,82,-23.12,-134.97,295.929,3.73
3,Carutapera,42,BR,1561509861,88,-1.2,-46.02,298.129,2.6
4,Zeya,35,RU,1561509861,82,53.74,127.27,285.029,2.95
5,New Norfolk,0,AU,1561509862,66,-42.78,147.06,282.15,4.1
6,Te Anau,2,NZ,1561509862,69,-45.41,167.72,279.429,3.51
7,Bambous Virieux,75,MU,1561509862,88,-20.34,57.76,296.15,5.1
8,Pevek,0,RU,1561509862,82,69.7,170.27,275.329,10.56
9,Bluff,0,AU,1561509702,69,-23.58,149.07,291.829,8.72
10,Atuona,1,PF,1561509863,76,-9.8,-139.03,300.529,7.75
11,Dolzhanskaya,24,RU,1561509863,65,46.63,37.8,294.929,8.3
12,Comodoro Rivadavia,0,AR,1561509864,57,-45.87,-67.48,282.15,4.1
13,Taozhuang,0,CN,1561509864,65,39.86,116.51,303.71,4.0
14,Santa Maria,100,BR,1561509865,73,-29.69,-53.81,283.029,2.92
15,Cape Town,0,ZA,1561509865,76,-33.93,18.42,288.15,6.2
16,Talnakh,75,RU,1561509866,59,69.49,88.39,277.15,4.0
17,Tasiilaq,5,GL,1561509866,80,65.61,-37.64,278.15,6.2
18,Fortuna,20,ES,1561509866,83,38.18,-1.13,296.48,2.1
19,Airai,0,TL,1561509867,52,-8.93,125.41,296.429,1.26
20,Providencia,100,CO,1561509867,99,1.24,-77.6,287.329,0.2
21,Nome,90,US,1561509868,94,30.04,-94.42,296.48,2.6
22,Yellowknife,40,CA,1561509618,27,62.45,-114.38,296.15,3.1
23,Punta Arenas,90,CL,1561509868,94,-53.16,-70.91,273.15,3.1
24,Kapaa,75,US,1561509868,83,22.08,-159.32,300.15,4.1
25,Loandjili,40,CG,1561509868,88,-4.77,11.87,297.15,3.1
26,Srivardhan,36,IN,1561509869,86,18.03,73.02,299.829,3.91
27,Coahuayana,32,MX,1561509869,63,18.62,-100.35,303.229,1.0
28,Urcos,16,PE,1561509869,22,-13.69,-71.62,287.15,2.1
29,Port Elizabeth,1,US,1561509870,69,39.31,-74.98,302.15,1.5
30,Alofi,75,NU,1561509615,74,-19.06,-169.92,299.15,7.2
31,Ancud,90,CL,1561509870,100,-41.87,-73.83,282.15,7.7
32,Upernavik,100,GL,1561509870,98,72.79,-56.15,274.129,4.2
33,Laela,0,TZ,1561509870,73,-8.57,32.05,285.029,1.89
34,Mahebourg,75,MU,1561509871,88,-20.41,57.7,296.15,5.1
35,Ushuaia,40,AR,1561509871,86,-54.81,-68.31,272.15,3.1
36,Margate,0,AU,1561509871,66,-43.03,147.26,282.15,4.1
37,Shawville,14,CA,1561509871,70,45.61,-76.49,296.48,3.5
38,Port Alfred,77,ZA,1561509872,94,-33.59,26.89,288.15,4.92
39,Dikson,50,RU,1561509872,84,73.51,80.55,273.829,8.38
40,Najran,0,SA,1561509872,24,17.54,44.22,301.15,0.98
41,Diu,91,IN,1561509873,81,20.71,70.98,300.629,1.95
42,Roebourne,41,AU,1561509873,25,-20.77,117.15,294.829,2.91
43,Saint George,40,GR,1561509873,73,39.45,22.34,297.15,0.33
44,Smithers,75,CA,1561509874,49,54.78,-127.17,294.15,3.1
45,Hualmay,31,PE,1561509874,84,-11.1,-77.61,290.229,7.84
46,Abu Dhabi,83,AE,1561509735,75,24.47,54.37,306.15,3.1
47,Busselton,12,AU,1561509874,85,-33.64,115.35,287.59,13.19
48,Languyan,0,FR,1561509875,93,48.3,-3.83,291.15,2.1
49,Palmer,1,US,1561509875,53,61.6,-149.11,295.93,3.6
50,Broken Hill,0,AU,1561509875,58,-31.97,141.45,287.15,7.2
51,Bredasdorp,82,ZA,1561509876,86,-34.53,20.04,287.04,3.13
52,Guerrero Negro,26,MX,1561509876,84,27.97,-114.04,290.929,5.8
53,Avarua,83,CK,1561509876,65,-21.21,-159.78,298.15,4.6
54,Babushkin,99,RU,1561509876,87,51.72,105.86,279.929,3.23
55,Tiksi,12,RU,1561509877,55,71.64,128.87,287.429,1.9
56,Mersing,52,MY,1561509865,87,2.43,103.84,298.029,1.06
57,Ostrovnoy,31,RU,1561509877,74,68.05,39.51,279.629,1.87
58,Honiara,20,SB,1561509878,62,-9.43,159.96,305.15,4.1
59,Pisco,0,PE,1561509878,30,-13.71,-76.2,295.15,2.1
60,Aloleng,100,PH,1561509878,75,16.13,119.78,302.729,5.14
61,Sarkand,0,KZ,1561509878,34,45.41,79.91,293.329,2.93
62,Kuntaur,2,GM,1561509879,57,13.67,-14.89,300.429,5.63
63,Atbasar,21,KZ,1561509879,73,51.81,68.36,292.329,5.71
64,Murgab,0,TM,1561509879,47,37.5,61.97,297.15,2.32
65,Hofn,76,IS,1561509880,78,64.25,-15.21,278.529,4.3
66,Barrow,11,AR,1561509880,59,-38.31,-60.23,278.429,4.33
67,Ambon,95,FR,1561509880,93,47.55,-2.56,292.04,6.7
68,Evensk,0,RU,1561509881,39,61.92,159.24,291.129,6.91
69,Gimli,86,CA,1561509728,41,50.63,-96.99,297.04,1.34
70,Buraydah,0,SA,1561509602,18,26.33,43.97,304.15,1.5
71,Torbay,20,CA,1561509881,76,47.66,-52.73,284.26,4.6
72,Biryusinsk,100,RU,1561509882,85,55.96,97.82,288.729,4.33
73,Muros,0,ES,1561509882,93,42.77,-9.06,291.48,0.5
74,Bayji,0,IQ,1561509882,13,34.93,43.49,306.429,4.57
75,Sedhiou,20,SN,1561509882,73,12.71,-15.56,298.429,3.06
76,Ust-Nera,0,RU,1561509883,37,64.57,143.24,290.629,1.33
77,Albany,1,US,1561509848,60,42.65,-73.75,299.15,2.1
78,Vaini,40,IN,1561509883,100,15.34,74.49,295.15,2.1
79,Souillac,0,FR,1561509884,73,45.6,-0.6,297.15,1.5
80,Padang,0,ID,1561509884,74,-0.92,100.36,301.029,2.49
81,Castro,90,CL,1561509885,100,-42.48,-73.76,282.15,7.7
82,Ambilobe,51,MG,1561509885,87,-13.19,49.05,294.229,1.41
83,Rocha,100,UY,1561509885,65,-34.48,-54.34,279.829,5.47
84,Mar del Plata,74,AR,1561509886,57,-46.43,-67.52,278.729,7.61
85,Jamestown,0,AU,1561509665,60,-33.21,138.6,285.929,5.96
86,Tigre,0,AR,1561509886,57,-34.42,-58.58,283.15,4.6
87,Mumbwa,0,ZM,1561509887,62,-14.99,27.06,287.829,3.39
88,Houston,1,US,1561509685,83,29.76,-95.37,298.15,5.25
89,Aklavik,75,CA,1561509891,70,68.22,-135.01,279.15,4.1
90,Ribeira Grande,8,PT,1561509891,74,38.52,-28.7,291.929,7.03
91,Micheweni,64,TZ,1561509891,73,-4.97,39.83,299.229,4.59
92,Kahului,75,US,1561509595,43,20.89,-156.47,305.15,3.1
93,Meulaboh,100,ID,1561509816,67,4.14,96.13,301.829,3.18
94,Butaritari,100,KI,1561509892,70,3.07,172.79,302.029,3.49
95,Cabo San Lucas,5,MX,1561509781,21,22.89,-109.91,309.82,2.1
96,Santa Helena de Goias,0,BR,1561509892,58,-17.81,-50.6,292.229,2.02
97,Kruisfontein,59,ZA,1561509893,93,-34.0,24.73,284.229,5.83
98,Narsaq,75,GL,1561509893,54,60.91,-46.05,288.15,2.1
99,Hilo,40,US,1561509893,48,19.71,-155.08,304.15,7.7
100,Hobart,0,AU,1561509894,66,-42.88,147.33,282.15,4.1
101,Cururupu,19,BR,1561509894,98,-1.82,-44.87,296.129,1.04
102,Kudahuvadhoo,100,MV,1561509894,71,2.67,72.89,302.129,3.56
103,Kavieng,76,PG,1561509895,74,-2.57,150.8,302.429,7.31
104,Ilulissat,75,GL,1561509895,81,69.22,-51.1,281.15,3.1
105,Aleksandrovskoye,0,RU,1561509895,77,56.74,85.39,290.37,3.0
106,Bako,83,NG,1561509895,82,9.68,6.4,298.529,2.28
107,East London,92,ZA,1561509896,94,-33.02,27.91,285.829,2.64
108,Belyy Yar,75,RU,1561509896,87,53.6,91.39,286.15,2.0
109,Port Lincoln,0,AU,1561509897,55,-34.72,135.86,286.529,7.75
110,Kodiak,1,US,1561509897,52,39.95,-94.76,304.15,5.7
111,Sao Filipe,0,CV,1561509897,84,14.9,-24.5,296.929,8.01
112,Namatanai,100,PG,1561509897,77,-3.66,152.44,300.629,5.36
113,Yatou,75,CM,1561509898,100,3.63,9.81,297.15,1.0
114,Puerto Ayora,20,EC,1561509898,78,-0.74,-90.35,297.15,7.7
115,Tuatapere,84,NZ,1561509898,72,-46.13,167.69,282.59,4.02
116,Isangel,75,VU,1561509898,74,-19.55,169.27,301.15,4.1
117,Richards Bay,45,ZA,1561509899,75,-28.77,32.06,292.729,4.75
118,Longyearbyen,75,NO,1561509899,70,78.22,15.63,279.15,4.1
119,Tuktoyaktuk,90,CA,1561509899,86,69.44,-133.03,277.15,8.7
120,Saquena,67,PE,1561509899,76,-4.67,-73.52,298.829,0.81
121,Katsuura,75,JP,1561509900,83,33.93,134.5,299.26,6.7
122,Brainerd,1,US,1561509661,49,46.36,-94.2,297.15,4.1
123,Bela Vista,92,BR,1561509901,82,-22.11,-56.53,294.129,2.11
124,Pacific Grove,1,US,1561509626,63,36.62,-121.92,299.82,5.7
125,Abnub,0,EG,1561509902,45,27.27,31.15,302.15,3.1
126,Gouyave,20,GD,1561509902,78,12.16,-61.73,301.15,5.7
127,Luderitz,12,NA,1561509902,76,-26.65,15.16,284.15,1.0
128,Auch,0,FR,1561509885,77,43.65,0.59,297.15,2.1
129,Thompson,90,CA,1561509903,77,55.74,-97.86,289.15,3.6
130,Saint Anthony,1,US,1561509903,19,43.97,-111.68,300.15,7.7
131,Inuvik,75,CA,1561509904,70,68.36,-133.71,279.15,4.1
132,Lusambo,1,CD,1561509904,44,-4.97,23.44,293.929,0.18
133,Singaraja,0,ID,1561509904,72,-8.11,115.08,299.429,0.81
134,Praia,0,BR,1561509905,82,-20.25,-43.81,292.15,1.04
135,Grande Prairie,75,CA,1561509653,52,55.17,-118.79,293.15,2.6
136,Chuy,100,UY,1561509906,62,-33.69,-53.46,282.029,7.24
137,Solnechnyy,76,RU,1561509906,65,50.72,136.64,284.829,2.99
138,Kaitangata,1,NZ,1561509907,62,-46.28,169.85,282.59,3.58
139,Cherskiy,0,RU,1561509907,24,68.75,161.3,296.829,2.25
140,Sisimiut,100,GL,1561509907,91,66.94,-53.67,277.029,0.99
141,Bolgatanga,34,GH,1561509908,59,10.79,-0.85,301.129,4.33
142,Tvrdosin,0,SK,1561509908,87,49.34,19.56,297.04,3.1
143,Georgetown,75,GY,1561509902,78,6.8,-58.16,301.15,5.1
144,Beyneu,99,KZ,1561509909,28,45.32,55.19,302.229,3.26
145,Lakatoro,54,VU,1561509909,79,-16.11,167.42,300.729,3.12
146,Chipinge,96,ZW,1561509910,91,-20.19,32.62,288.629,4.41
147,Saldanha,38,PT,1561509910,70,41.42,-6.55,290.529,0.86
148,Kailua,90,US,1561509910,83,21.39,-157.74,300.37,4.6
149,Inyonga,9,TZ,1561509910,56,-6.72,32.06,290.429,2.93
150,Port Macquarie,75,AU,1561509911,100,-31.43,152.91,289.15,2.6
151,Khatanga,100,RU,1561509908,64,71.98,102.47,290.729,5.53
152,Seybaplaya,40,MX,1561509911,44,19.65,-90.67,307.15,5.1
153,Mataura,48,NZ,1561509912,72,-46.19,168.86,282.59,4.02
154,Chokurdakh,0,RU,1561509910,29,70.62,147.9,297.529,5.02
155,Kungurtug,95,RU,1561509912,81,50.6,97.53,278.829,2.63
156,Sangar,48,RU,1561509912,57,63.92,127.47,292.629,3.17
157,Grindavik,75,IS,1561509912,93,63.84,-22.43,285.37,7.7
158,Provideniya,90,RU,1561509913,76,64.42,-173.23,283.15,9.0
159,Qaanaaq,86,GL,1561509913,78,77.48,-69.36,275.029,2.12
160,Ust-Omchug,100,RU,1561509913,48,61.13,149.63,286.529,2.88
161,Zyryanka,4,RU,1561509914,26,65.73,150.89,297.929,3.18
162,Bethel,75,US,1561509915,52,60.79,-161.76,294.15,2.6
163,Tautira,20,PF,1561509915,66,-17.73,-149.15,302.15,2.6
164,Nemuro,0,JP,1561509915,64,43.32,145.57,296.15,4.1
165,Hermanus,61,ZA,1561509916,86,-34.42,19.24,288.15,3.13
166,Hikari,90,JP,1561509916,69,33.97,131.95,298.71,2.1
167,Iranshahr,0,IR,1561509916,46,27.21,60.69,305.15,2.1
168,Victoria,75,BN,1561509699,89,5.28,115.24,302.15,1.0
169,Gazojak,0,TM,1561509917,16,41.19,61.4,300.529,3.31
170,Mehamn,100,NO,1561509917,89,71.03,27.85,279.929,9.96
171,Maihar,50,IN,1561509917,47,24.26,80.76,305.029,4.08
172,Porbandar,100,IN,1561509918,85,21.64,69.61,301.229,3.75
173,Flinders,75,AU,1561509918,87,-34.58,150.85,289.82,3.6
174,Homnabad,3,IN,1561509918,84,17.77,77.13,297.729,5.37
175,Linxia,100,CN,1561509919,87,35.6,103.21,287.429,1.23
176,Sorong,96,ID,1561509919,89,-0.86,131.25,298.629,4.47
177,Hithadhoo,49,MV,1561509919,68,-0.6,73.08,302.029,1.5
178,Brae,76,GB,1561509920,81,60.4,-1.35,283.15,3.6
179,Miri,27,NG,1561509920,87,10.31,9.75,295.829,3.47
180,Vrede,4,ZA,1561509920,97,-27.43,29.16,276.329,3.43
181,Severo-Kurilsk,100,RU,1561509920,92,50.68,156.12,279.929,8.78
182,Norman Wells,90,CA,1561509921,81,65.28,-126.83,284.15,5.7
183,Laguna,5,MX,1561509921,16,27.52,-110.01,308.15,4.1
184,Esperance,20,TT,1561509922,74,10.24,-61.45,300.93,1.5
185,Kirakira,33,SB,1561509922,73,-10.46,161.92,301.929,1.91
186,Salto,89,UY,1561509922,77,-31.39,-57.96,278.71,0.89
187,Soyo,38,AO,1561509923,77,-6.13,12.37,296.629,5.5
188,Synya,98,RU,1561509923,73,65.37,58.04,280.129,2.23
189,Kutum,91,SD,1561509923,49,14.2,24.66,298.429,1.37
190,Airdrie,75,CA,1561509773,59,51.29,-114.01,291.48,6.2
191,Daru,96,SL,1561509924,98,7.99,-10.85,296.229,1.57
192,Berlevag,94,NO,1561509925,85,70.86,29.09,280.629,9.27
193,Ossora,18,RU,1561509665,51,59.24,163.07,289.429,4.08
194,Gotsu,75,JP,1561509925,69,35.01,132.22,298.15,3.1
195,Nhulunbuy,0,AU,1561509926,53,-12.18,136.78,298.15,6.7
196,Monteagudo,100,BO,1561509926,90,-19.8,-63.96,283.229,3.96
197,Aykhal,0,RU,1561509926,46,65.95,111.51,295.15,2.0
198,Lagoa,75,PT,1561509927,100,37.14,-8.45,293.15,3.6
199,Tura,100,IN,1561509928,90,25.52,90.21,299.929,3.05
200,Touros,40,BR,1561509928,83,-5.2,-35.46,298.15,2.1
201,Boguchany,96,RU,1561509928,57,58.38,97.46,293.129,1.8
202,Rio Gallegos,90,AR,1561509862,55,-51.62,-69.22,276.15,5.1
203,Sabha,10,LY,1561509929,13,27.03,14.43,306.029,3.59
204,Carnarvon,0,ZA,1561509930,32,-30.97,22.13,281.329,6.32
205,Moose Factory,90,CA,1561509740,82,51.26,-80.61,291.15,5.1
206,North Bend,40,US,1561509830,77,43.41,-124.22,294.82,4.6
207,Lompoc,1,US,1561509930,64,34.64,-120.46,294.26,5.7
208,Manado,20,ID,1561509823,70,1.49,124.85,302.15,1.5
209,Rome,0,IT,1561509336,64,41.89,12.48,298.15,1.5
210,Skibbereen,75,IE,1561509931,93,51.55,-9.27,288.15,1.5
211,Bathsheba,11,BB,1561509846,80,13.22,-59.52,300.429,9.3
212,Abu Zabad,95,SD,1561509931,56,12.35,29.25,301.429,5.2
213,Pierre,1,US,1561509919,41,44.37,-100.35,299.82,2.1
214,Yumen,100,CN,1561509932,32,40.29,97.04,294.429,2.43
215,Waipawa,0,NZ,1561509932,70,-39.94,176.59,283.329,2.29
216,Blackwater,92,GB,1561509649,93,51.33,-0.78,292.04,4.1
217,Henties Bay,82,NA,1561509932,95,-22.12,14.28,283.71,0.89
218,Olutanga,100,PH,1561509933,76,7.31,122.85,301.129,1.54
219,Coquimbo,0,CL,1561509933,81,-29.95,-71.34,283.15,1.5
220,San Lorenzo,19,HN,1561509934,71,13.43,-87.45,302.529,1.13
221,Agudos,0,BR,1561509924,53,-22.47,-48.99,298.15,1.0
222,Vila Velha,20,BR,1561509935,78,-3.71,-38.6,300.15,4.1
223,Nanortalik,85,GL,1561509935,79,60.14,-45.24,280.729,3.14
224,Tual,54,ID,1561509935,82,-5.67,132.75,299.129,10.32
225,San Felipe,21,CL,1561509936,99,-32.75,-70.73,278.15,2.31
226,Chara,40,GR,1561509936,73,39.42,22.43,297.15,0.33
227,Vila Franca do Campo,75,PT,1561509936,77,37.72,-25.43,292.15,4.1
228,Kota Kinabalu,75,MY,1561509937,74,5.98,116.07,301.48,2.6
229,Saint-Georges,100,CA,1561509832,95,46.12,-70.67,288.71,0.45
230,Cidreira,100,BR,1561509937,86,-30.17,-50.22,286.929,6.74
231,Makakilo City,75,US,1561509938,94,21.35,-158.09,300.37,3.1
232,Fukue,75,JP,1561509938,69,35.03,136.69,302.59,2.6
233,Piacabucu,73,BR,1561509938,84,-10.41,-36.43,296.529,3.18
234,Numan,41,NG,1561509938,80,9.46,12.04,298.729,4.7
235,Namibe,78,AO,1561509939,84,-15.19,12.15,291.129,5.64
236,Xining,100,CN,1561509939,98,36.62,101.77,283.329,1.61
237,Kayanza,96,BI,1561509940,90,-2.93,29.63,288.429,0.79
238,Masalli,90,KR,1561509940,100,34.8,126.66,292.15,3.6
239,Oistins,29,BB,1561509941,79,13.07,-59.53,300.429,8.61
240,Victor Harbor,0,AU,1561509941,54,-35.55,138.62,289.82,3.6
241,Motril,0,ES,1561509941,53,36.75,-3.52,296.15,2.6
242,Puerto Suarez,60,BO,1561509941,86,-18.96,-57.8,295.629,3.51
243,Oranjemund,0,ZA,1561509942,93,-28.55,16.43,285.829,0.65
244,Mao,75,DO,1561509942,83,19.55,-71.08,301.48,5.1
245,Atar,0,MR,1561509942,12,20.52,-13.05,308.729,7.71
246,Libenge,99,CD,1561509942,98,3.65,18.64,293.429,0.81
247,Half Moon Bay,40,US,1561509770,87,37.46,-122.43,299.82,3.6
248,Miyako,75,JP,1561509943,78,33.63,130.94,300.37,6.2
249,Adre,77,TD,1561509943,23,13.47,22.2,303.829,2.37
250,Fengcheng,100,CN,1561509943,78,40.45,124.07,292.929,2.3
251,Samarai,99,PG,1561509944,93,-10.62,150.67,297.429,2.58
252,Umm Lajj,17,SA,1561509944,65,25.02,37.27,303.429,5.41
253,Rakamaz,0,HU,1561509944,82,48.12,21.48,293.15,2.1
254,Puerto Palomas,1,US,1561509944,5,31.78,-107.63,309.15,3.74
255,Santo Antonio do Taua,40,BR,1561509945,94,-1.15,-48.13,298.15,1.5
256,Manuk Mangkaw,87,PH,1561509945,76,4.8,119.85,301.529,4.65
257,Puerto Baquerizo Moreno,40,EC,1561509945,83,-0.9,-89.6,296.15,6.2
258,Puerto Escondido,0,MX,1561509945,65,15.86,-97.07,302.829,4.98
259,Tessalit,17,ML,1561509946,8,20.2,1.01,307.829,3.47
260,Shenjiamen,100,CN,1561509946,89,29.96,122.3,294.629,4.24
261,Arraial do Cabo,0,BR,1561509946,81,-22.97,-42.02,297.029,3.19
262,Vostok,97,RU,1561509946,80,46.45,135.83,293.729,2.9
263,Conakry,40,GN,1561509947,94,9.52,-13.7,300.15,1.0
264,Yar-Sale,70,RU,1561509947,71,66.83,70.83,279.129,4.04
265,Ajdabiya,0,LY,1561509947,85,30.75,20.22,297.429,5.92
266,Yishui,91,CN,1561509948,76,35.78,118.63,293.829,3.03
267,Saint-Philippe,1,CA,1561509948,83,45.36,-73.48,297.15,2.85
268,Thurso,87,GB,1561509948,87,58.6,-3.52,283.15,3.6
269,Tommot,17,RU,1561509948,64,58.97,126.27,290.829,1.79
270,Erenhot,0,CN,1561509948,33,43.65,111.97,297.229,2.26
271,Sambava,2,MG,1561509949,97,-14.27,50.17,290.929,1.1
272,Lewistown,1,US,1561509949,69,40.39,-90.15,302.59,2.6
273,Ankang,68,CN,1561509949,83,32.73,108.99,294.929,0.98
274,Camacha,20,PT,1561509950,77,33.08,-16.33,293.15,3.6
275,Leningradskiy,88,RU,1561509950,89,69.38,178.42,274.729,6.57
276,Cockburn Town,13,TC,1561509945,78,21.46,-71.14,300.529,6.59
277,Cabedelo,75,BR,1561509950,88,-6.97,-34.84,297.15,1.5
278,Severodvinsk,40,RU,1561509952,93,64.56,39.82,281.15,1.0
279,Zhigansk,69,RU,1561509954,56,66.77,123.37,295.229,6.51
280,Maragheh,0,IR,1561509955,33,37.39,46.24,298.15,6.2
281,Terrace Bay,82,CA,1561509955,78,48.78,-87.1,291.629,2.09
282,Dryden,40,CA,1561509955,68,49.79,-92.84,291.15,4.6
283,Martapura,1,ID,1561509956,88,-3.41,114.85,301.15,2.1
284,Mount Isa,0,AU,1561509956,22,-20.73,139.49,292.15,5.1
285,Nantucket,90,US,1561509875,93,41.28,-70.1,292.59,7.7
286,Eureka,90,US,1561509957,93,40.8,-124.16,292.15,5.7
287,Bandarbeyla,78,SO,1561509957,64,9.49,50.81,299.229,9.93
288,Khandyga,77,RU,1561509957,46,62.65,135.58,293.529,2.48
289,Svetlogorsk,0,RU,1561509957,71,53.14,59.15,284.15,1.0
290,Salinas,1,US,1561509958,53,36.67,-121.66,301.15,9.8
291,Marsa Matruh,20,EG,1561509942,88,31.35,27.25,297.15,1.5
292,Palmito,75,CO,1561509958,88,9.33,-75.54,300.15,6.46
293,Port Hawkesbury,1,CA,1561509959,87,45.62,-61.36,285.93,1.5
294,Kwinana,90,AU,1561509959,100,-32.25,115.77,288.15,3.6
295,Lasa,0,CY,1561509960,68,34.92,32.53,298.15,2.1
296,Gazli,0,UZ,1561509960,14,40.13,63.45,299.329,3.38
297,Jaguaribe,50,BR,1561509960,74,-5.88,-38.62,296.129,0.78
298,Antalaha,14,MG,1561509960,98,-14.9,50.28,290.629,1.59
299,Turukhansk,65,RU,1561509960,56,65.8,87.96,282.029,3.37
300,Panuco,76,MX,1561509961,30,22.88,-102.54,297.729,4.46
301,Angleton,1,US,1561509961,83,29.17,-95.43,298.15,7.25
302,Vao,100,EE,1561509961,73,59.1,26.19,287.329,3.29
303,Nara,75,JP,1561509883,57,34.68,135.8,300.93,1.5
304,Malaya Serdoba,80,RU,1561509962,84,52.47,44.96,285.429,2.96
305,Matagami,58,NG,1561509962,90,9.67,8.4,295.229,1.76
306,Khorinsk,100,RU,1561509962,98,52.16,109.78,284.329,1.0
307,Seymchan,0,RU,1561509962,46,62.93,152.39,291.729,4.7
308,Male,4,UA,1561509963,91,50.74,33.7,288.329,1.98
309,Ranfurly,63,CA,1561509963,73,53.41,-111.68,290.229,2.77
310,Nabire,100,ID,1561509963,84,-3.36,135.5,297.029,3.74
311,Adrar,0,DZ,1561509964,6,27.87,-0.29,308.15,2.6
312,Jamtara,100,IN,1561509964,52,23.95,86.82,304.829,6.25
313,Itaituba,94,BR,1561509964,66,-4.26,-55.99,300.029,0.99
314,Batticaloa,100,LK,1561509965,80,7.71,81.69,297.929,0.93
315,Eyl,31,SO,1561509965,69,7.98,49.82,298.329,11.36
316,Necochea,14,AR,1561509965,90,-38.55,-58.74,278.15,3.58
317,Kangaatsiaq,100,GL,1561509966,94,68.31,-53.46,277.729,3.05
318,Vaitape,51,PF,1561509966,75,-16.52,-151.75,299.629,6.14
319,Vredendal,0,ZA,1561509966,81,-31.68,18.49,287.129,2.72
320,Trapani,0,IT,1561509967,61,38.02,12.54,299.26,4.1
321,Bronnoysund,67,NO,1561509967,81,65.46,12.2,282.15,3.6
322,Qaqortoq,75,GL,1561509967,54,60.72,-46.03,288.15,2.1
323,Cosina,14,IT,1561509967,77,44.26,11.95,297.59,2.1
324,Tarnos,90,FR,1561509968,93,43.54,-1.46,293.15,3.1
325,Cairns,75,AU,1561509719,69,-16.92,145.77,296.48,6.7
326,Jizan,40,SA,1561509968,49,16.89,42.56,306.15,2.1
327,Sulangan,87,PH,1561509968,71,11.14,123.72,301.429,1.45
328,Gilgit,34,PK,1561509969,80,35.92,74.31,276.429,0.09
329,Saskylakh,77,RU,1561509969,35,71.97,114.09,298.929,5.23
330,Muzhi,53,RU,1561509969,73,65.4,64.7,279.229,3.45
331,Tomatlan,13,MX,1561509963,72,19.93,-105.25,302.229,2.93
332,Praia da Vitoria,40,PT,1561509920,82,38.73,-27.07,292.15,7.34
333,Shingu,75,JP,1561509971,65,33.72,135.99,299.15,3.1
334,Honningsvag,99,NO,1561509971,88,70.98,25.97,280.629,10.14
335,Scottsbluff,1,US,1561509944,61,41.87,-103.67,300.15,4.6
336,Khani,75,GE,1561509971,94,41.96,42.96,297.15,1.0
337,Amfissa,0,GR,1561509972,57,38.53,22.38,299.82,4.92
338,Carolina,75,PR,1561509702,78,18.38,-65.96,301.15,4.1
339,Hambantota,40,LK,1561509972,100,6.12,81.12,299.15,2.6
340,Santiago,36,CL,1561509270,75,-33.44,-70.65,284.26,0.29
341,Clyde River,75,CA,1561509973,70,70.47,-68.59,273.15,3.1
342,Huilong,52,CN,1561509973,79,28.89,110.18,295.729,0.52
343,Sungaipenuh,51,ID,1561509905,85,-2.08,101.38,296.629,1.16
344,Ust-Kuyga,19,RU,1561509974,34,70.0,135.55,298.029,5.02
345,Iskateley,78,RU,1561509974,76,67.68,53.15,279.429,6.13
346,Homer,1,US,1561509975,55,59.64,-151.54,293.15,6.7
347,Simplicio Mendes,100,BR,1561509975,60,-7.85,-41.91,297.329,2.1
348,Modasa,94,IN,1561509975,71,23.47,73.3,302.429,2.9
349,Havoysund,75,NO,1561509976,87,71.0,24.66,281.15,11.3
350,La Palma,64,CO,1561509977,95,5.36,-74.39,295.029,1.42
351,Ahipara,43,NZ,1561509970,74,-35.17,173.16,287.729,4.91
352,Kande,95,UG,1561509977,97,0.3,32.05,289.629,0.92
353,Bonavista,57,CA,1561509978,84,48.65,-53.11,280.37,1.34
354,Sitka,0,US,1561509978,30,37.17,-99.65,306.429,4.99
355,Rock Sound,0,BS,1561509978,64,24.9,-76.2,302.829,2.77
356,Omboue,2,GA,1561509978,80,-1.57,9.26,297.229,6.26
357,Alexandria,40,US,1561509979,94,31.31,-92.44,297.59,2.6
358,Chapais,90,CA,1561509979,93,49.78,-74.86,287.15,5.1
359,Biak,98,ID,1561509980,96,-0.91,122.88,291.529,2.07
360,San-Pedro,99,CI,1561509980,97,4.75,-6.64,295.529,1.9
361,Singaparna,7,ID,1561509980,84,-7.35,108.11,292.029,1.38
362,Abalak,72,NE,1561509981,29,15.46,6.28,305.929,5.94
363,Goderich,0,CA,1561509981,64,43.74,-81.71,297.59,3.13
364,Quang Ngai,78,VN,1561509981,78,15.12,108.8,299.429,1.26
365,Waverly,1,US,1561509982,83,37.04,-77.1,301.48,0.75
366,Ewo,3,CG,1561509982,68,-0.88,14.81,297.529,4.09
367,Altamira,79,BR,1561509983,90,-3.2,-52.21,296.329,1.1
368,Klaksvik,49,FO,1561509983,93,62.23,-6.59,283.15,4.6
369,Crawfordsville,1,US,1561509983,61,40.04,-86.9,300.93,3.6
370,Sirpur,0,IN,1561509984,77,18.94,78.68,300.129,2.96
371,Mackenzie,90,CA,1561509984,63,55.34,-123.09,290.15,1.0
372,Lebu,40,ET,1561509927,63,8.96,38.73,290.15,1.15
373,Faanui,51,PF,1561509984,75,-16.48,-151.75,299.629,6.14
374,Vestmannaeyjar,79,IS,1561509767,91,63.44,-20.27,284.429,6.73
375,Benguela,43,AO,1561509985,81,-12.58,13.4,294.229,5.36
376,Valparaiso,40,US,1561509721,24,41.47,-87.06,302.15,6.2
377,Mayo,90,CA,1561509985,28,63.59,-135.9,296.15,2.6
378,Maumere,1,ID,1561509985,53,-8.63,122.22,297.429,0.57
379,Rio Grande,100,BR,1561509879,74,-32.03,-52.1,282.029,4.56
380,Thinadhoo,100,MV,1561509925,73,0.53,72.93,302.029,1.98
381,Hue,20,VN,1561509986,59,16.47,107.58,306.15,0.5
382,Shaunavon,39,CA,1561509986,48,49.65,-108.41,292.229,3.31
383,Kisangani,100,CD,1561509987,98,0.52,25.21,294.329,1.01
384,Nichinan,75,JP,1561509987,94,31.65,131.31,296.15,1.0
385,Armidale,79,AU,1561509987,63,-30.51,151.67,284.26,6.26
386,Sulecin,61,PL,1561509988,70,52.44,15.12,294.82,0.89
387,Caravelas,0,BR,1561509988,81,-17.73,-39.27,295.329,3.36
388,Maceio,20,BR,1561509776,88,-9.67,-35.74,295.15,1.0
389,Grand Gaube,75,MU,1561509988,88,-20.01,57.66,296.15,5.1
390,Hope Mills,1,US,1561509989,45,34.97,-78.95,304.26,1.88
391,Noumea,0,NC,1561509800,78,-22.28,166.46,296.15,7.7
392,Vasterhaninge,100,SE,1561509726,100,59.12,18.1,289.82,2.1
393,Aktau,75,KZ,1561509989,100,43.65,51.16,297.15,5.0
394,Bandundu,0,CD,1561509977,58,-3.32,17.38,296.629,1.38
395,Hobyo,23,SO,1561509990,74,5.35,48.53,297.929,7.77
396,Bambanglipuro,3,ID,1561509922,87,-7.95,110.28,295.729,2.47
397,Sao Sepe,75,BR,1561509990,87,-30.16,-53.57,283.15,2.6
398,Vallenar,0,CL,1561509991,81,-28.58,-70.76,281.729,1.16
399,Udachnyy,0,RU,1561509991,46,66.42,112.4,295.15,2.0
400,Bud,100,NO,1561509991,81,62.91,6.91,285.37,7.7
401,Tocopilla,21,CL,1561509830,83,-22.09,-70.2,288.529,6.81
402,Tiarei,20,PF,1561509992,66,-17.53,-149.33,302.15,2.6
403,Eston,40,CA,1561509992,72,51.15,-108.75,293.15,10.3
404,Baykit,91,RU,1561509764,40,61.68,96.39,294.329,0.42
405,Tateyama,0,JP,1561509992,48,36.66,137.31,303.15,2.6
406,Vieste,5,IT,1561509992,88,41.88,16.18,297.59,6.2
407,Hermosillo,40,MX,1561509963,18,29.09,-110.96,312.15,5.7
408,Yulara,0,AU,1561509993,27,-25.24,130.99,285.15,4.1
409,Gizo,20,IL,1561509993,78,31.8,34.94,298.15,2.6
410,Russkaya Polyana,89,RU,1561509993,85,53.78,73.88,291.929,3.05
411,Karratha,66,AU,1561509806,24,-20.74,116.85,294.429,2.28
412,Alyangula,94,AU,1561509994,57,-13.85,136.42,297.15,3.6
413,Pangnirtung,22,CA,1561509994,40,66.15,-65.72,286.929,2.21
414,Finnsnes,100,NO,1561509951,70,69.23,17.98,282.15,8.7
415,Santa Ines,20,EC,1561509995,81,-0.82,-78.63,285.15,5.7
416,Shirokiy,91,RU,1561509995,88,53.87,39.17,282.59,0.9
417,Nahavand,0,IR,1561509995,29,34.19,48.37,292.15,3.1
418,Chiautla,90,MX,1561509996,56,19.53,-98.88,295.15,5.1
419,Dudinka,75,RU,1561509996,53,69.41,86.18,277.15,4.0
420,Pangoa,34,PE,1561509996,73,-12.12,-73.0,296.529,0.97
421,Abu Samrah,0,SY,1561509996,44,35.3,37.18,299.029,3.76
422,Benghazi,0,LY,1561509996,79,32.12,20.07,297.929,5.87
423,Nikolskoye,0,RU,1561509909,58,59.7,30.79,288.15,2.0
424,Mweka,0,CD,1561509997,47,-4.85,21.56,293.729,0.35
425,Orocue,98,CO,1561509998,96,4.79,-71.34,295.529,1.79
426,Poya,1,NC,1561509998,86,-21.35,165.16,295.829,6.17
427,Aksarka,37,RU,1561509998,75,66.56,67.8,278.729,4.92
428,Kimbe,43,PG,1561509998,61,-5.56,150.15,303.429,2.13
429,Walvis Bay,54,NA,1561509855,81,-22.95,14.51,284.15,2.1
430,Olinda,20,EC,1561509999,78,-2.03,-79.75,299.15,2.1
431,Cap Malheureux,75,MU,1561509999,88,-19.98,57.61,296.15,5.1
432,Arlit,21,NE,1561509999,19,18.74,7.39,308.629,5.54
433,Genhe,85,CN,1561510000,80,50.78,121.52,288.729,3.98
434,Hasaki,40,JP,1561510000,74,35.73,140.83,300.37,2.6
435,San Cristobal,40,EC,1561510000,82,-0.39,-78.55,288.15,2.6
436,Nelson Bay,0,AU,1561510001,87,-32.72,152.14,291.48,2.6
437,Hervey Bay,75,AU,1561510001,100,-25.3,152.85,292.04,5.7
438,Chauk,100,MM,1561510001,80,20.89,94.82,299.829,4.26
439,Ballina,0,IE,1561510002,94,54.11,-9.15,287.59,0.45
440,Thornbury,90,GB,1561510002,100,51.61,-2.53,290.37,4.1
441,Shenkursk,67,RU,1561510002,78,62.11,42.91,278.729,2.04
442,Husavik,18,CA,1561510003,41,50.56,-96.99,297.04,1.34
443,Dunedin,0,NZ,1561509992,65,-45.87,170.5,281.629,1.95
444,Sao Miguel do Araguaia,0,BR,1561510003,52,-13.28,-50.16,295.929,1.03
445,Dombas,100,NO,1561510003,93,62.07,9.12,281.629,1.05
446,Ulladulla,75,AU,1561510004,87,-35.36,150.48,286.15,3.6
447,Valdez,90,US,1561509728,67,61.13,-146.35,289.15,1.5
448,Rondonopolis,0,BR,1561509825,52,-16.46,-54.64,294.829,1.31
449,Galveston,1,US,1561510004,57,40.58,-86.19,300.37,4.6
450,Paamiut,100,GL,1561510004,99,61.99,-49.67,277.229,3.9
451,Ushtobe,0,KZ,1561510005,38,45.25,77.98,296.429,3.23
452,Carahue,90,CL,1561510005,100,-38.71,-73.16,280.15,4.1
453,Milos,0,GR,1561510006,76,36.75,24.43,299.329,12.92
454,Kulhudhuffushi,100,MV,1561510006,76,6.62,73.07,301.629,5.61
455,Lazurne,12,UA,1561510006,71,46.77,34.99,293.029,6.08
456,Uyuni,29,BO,1561510006,31,-20.46,-66.82,276.129,11.88
457,Ponta Delgada,75,PT,1561510006,77,37.73,-25.67,292.15,4.1
458,Gornopravdinsk,100,RU,1561510007,80,60.06,69.92,282.429,3.03
459,Wajid,0,SO,1561510007,70,3.81,43.25,296.729,8.13
460,Fereydun Kenar,40,IR,1561510007,83,36.69,52.52,299.15,2.1
461,Kinchil,90,MX,1561510007,55,20.92,-89.95,307.04,7.7
462,Quatre Cocos,75,MU,1561510008,88,-20.21,57.76,296.15,5.1
463,Ponta do Sol,100,BR,1561510008,69,-20.63,-46.0,292.729,1.3
464,Khalkhal,0,IR,1561510008,40,37.62,48.53,288.829,2.95
465,Flagstaff,1,US,1561509734,12,35.2,-111.65,305.93,7.7
466,Poum,17,MK,1561510009,86,41.28,20.71,287.429,2.05
467,Hay River,40,CA,1561510009,55,60.82,-115.79,292.15,3.1
468,Mount Gambier,54,AU,1561510009,87,-37.83,140.78,282.15,4.1
469,Kaeo,43,NZ,1561510010,88,-35.1,173.78,287.04,2.68
470,Swanton,1,US,1561510010,51,41.59,-83.89,301.15,2.6
471,Rena,55,NO,1561510010,89,61.13,11.37,284.82,0.67
472,Buta,100,CD,1561510011,98,2.79,24.73,294.029,0.26
473,Faya,40,SA,1561510011,49,18.39,42.45,295.15,1.5
474,Talcahuano,90,CL,1561509962,76,-36.72,-73.12,284.15,4.1
475,Saint-Paul-les-Dax,90,FR,1561510012,88,43.73,-1.05,293.15,4.1
476,Mana,0,RS,1561510012,100,43.52,20.24,292.15,0.5
477,Wajima,0,JP,1561510012,61,37.4,136.9,298.15,3.1
478,Port Antonio,20,JM,1561510012,58,18.18,-76.45,303.15,2.6
479,Zdvinsk,50,RU,1561510013,76,54.7,78.67,286.929,5.67
480,Yantal,100,RU,1561510013,49,56.85,105.25,292.029,4.88
481,Iqaluit,40,CA,1561509907,66,63.75,-68.52,282.15,2.6
482,Yinchuan,100,CN,1561510014,75,38.48,106.21,290.37,3.21
483,Merrill,20,US,1561510014,26,42.03,-121.6,295.15,7.7
484,Suntar,60,RU,1561510014,62,62.16,117.65,294.129,2.36
485,Egvekinot,67,RU,1561509743,54,66.32,-179.17,280.629,2.06
486,Langxiang,95,CN,1561510018,61,46.95,128.87,295.429,3.16
487,Constitucion,90,MX,1561510018,20,23.99,-104.67,301.15,4.1
488,Kathmandu,75,NP,1561509991,94,27.71,85.32,295.15,1.5
489,Yenagoa,93,NG,1561510018,91,4.92,6.26,296.429,2.37
490,Altay,0,CN,1561510019,66,47.83,88.13,279.429,4.13
491,Damaturu,8,NG,1561510019,49,11.75,11.96,301.929,5.5
492,Cuenca,0,ES,1561509866,60,40.07,-2.13,294.82,8.44
493,Potam,5,MX,1561510020,41,27.6,-110.38,308.15,5.7
494,Port Hardy,75,CA,1561509727,63,50.7,-127.42,291.15,5.7
495,Lavrentiya,100,RU,1561509983,55,65.58,-170.99,283.029,4.41
496,Buala,95,SB,1561510020,80,-8.15,159.59,301.329,4.14
497,Riyadh,0,SA,1561510020,10,24.63,46.72,304.15,2.6
498,San Buenaventura,0,MX,1561510021,42,27.06,-101.55,302.429,4.43
499,Havre-Saint-Pierre,20,CA,1561510021,54,50.23,-63.6,288.15,3.1
500,Madison Heights,90,US,1561509978,60,42.49,-83.11,301.15,10.8
501,Saint-Nazaire,0,FR,1561509735,88,47.27,-2.21,294.15,4.1
502,Ambagarh Chauki,24,IN,1561510022,75,20.78,80.75,300.529,2.18
503,Tangier,75,GB,1561510022,93,51.02,-3.11,291.15,3.1
504,Marzuq,86,YE,1561510022,34,14.4,46.47,301.529,2.99
505,Jalu,0,LY,1561509949,36,29.03,21.55,300.929,5.58
506,Sechura,3,PE,1561510023,80,-5.56,-80.82,292.429,6.35
507,Lata,91,IN,1561510024,92,30.78,78.62,277.129,0.46
508,Asbe Teferi,57,ET,1561510024,75,9.08,40.87,291.829,4.84
509,Antofagasta,40,CL,1561510024,87,-23.65,-70.4,286.15,4.1
510,Pucallpa,20,PE,1561510024,78,-8.38,-74.54,301.15,1.0
511,East Wenatchee,20,US,1561510025,25,47.42,-120.29,298.71,4.1
512,Ler,75,NO,1561510025,81,63.2,10.3,285.15,4.6
513,Fangshan,0,CN,1561510025,65,39.75,116.14,303.71,4.0
514,Menongue,0,AO,1561510026,45,-14.66,17.68,283.929,1.25
515,Warmbad,23,DE,1561510026,77,50.67,13.08,297.04,1.0
516,Chingola,0,ZM,1561510026,78,-12.55,27.86,284.129,1.9
517,Destin,20,US,1561509927,73,30.39,-86.5,304.15,4.6
518,Bukama,21,CD,1561510027,46,-9.2,25.85,290.029,1.19
519,Majene,0,ID,1561509995,83,-3.54,118.97,299.929,10.86
520,Batagay,90,RU,1561510027,38,67.65,134.64,297.729,1.45
521,Lindas,75,NO,1561510028,100,60.74,5.16,288.15,2.1
522,Weiser,40,US,1561510028,28,44.25,-116.97,301.15,3.1
523,Zlotow,0,PL,1561510028,72,53.36,17.04,294.26,1.0
524,Eirunepe,82,BR,1561510028,91,-6.66,-69.87,296.429,1.18
525,Konstantinovo,40,BG,1561510028,83,42.0,25.79,295.15,3.1
526,Okakarara,0,NA,1561510029,61,-20.59,17.46,278.429,0.62
527,Arica,0,CL,1561509988,72,-18.48,-70.32,290.15,1.0
528,Kurilsk,100,RU,1561510030,92,45.23,147.88,283.229,9.35
529,Belaya Gora,16,RU,1561510030,27,68.54,146.19,299.329,4.95
530,Nouakchott,0,MR,1561510030,48,18.08,-15.98,302.15,9.3
531,Solwezi,0,ZM,1561510030,59,-12.18,26.4,284.629,3.15
532,Xiongyue,100,CN,1561510031,76,40.18,122.12,293.529,6.11
533,Taltal,44,CL,1561510031,93,-25.41,-70.49,282.629,1.02
534,Pochutla,20,MX,1561509990,62,15.74,-96.47,303.15,4.1
535,Burgos,57,ES,1561510031,82,42.34,-3.7,291.15,5.1
536,Taoudenni,0,ML,1561510032,7,22.68,-3.98,309.729,4.51
537,Pascagoula,1,US,1561509791,88,30.37,-88.56,305.15,1.87
538,Sayyan,91,YE,1561510032,54,15.17,44.32,297.429,0.51
539,Beatrice,1,US,1561509888,61,40.27,-96.75,302.04,1.82
540,Karymskoye,100,RU,1561510033,69,51.62,114.34,286.48,3.58
541,Sao Miguel do Tapuio,92,BR,1561510033,61,-5.5,-41.32,298.329,2.69
542,Darnah,0,LY,1561510034,82,32.77,22.64,298.329,8.16
543,Hamilton,20,CA,1561510034,69,43.26,-79.87,298.15,4.1
544,Raudeberg,100,NO,1561510035,100,61.99,5.14,286.15,2.1
545,Balad,3,ID,1561510035,79,-6.76,108.42,291.329,1.34
546,Vryburg,9,ZA,1561510035,28,-26.96,24.73,280.129,3.69
